Webots Project File version R2021a
perspectives: 000000ff00000000fd00000003000000000000000000000000fc0100000001fb0000001a0044006f00630075006d0065006e0074006100740069006f006e0000000000000000140000005400ffffff000000010000012400000182fc0200000001fb0000001400540065007800740045006400690074006f00720100000016000001820000003c00ffffff000000030000056d00000143fc0100000001fb0000001a0043006f006e0073006f006c00650041006c006c0041006c006c01000000000000056d0000005400ffffff000004430000018200000001000000020000000100000008fc00000000
simulationViewPerspectives: 000000ff000000010000000200000118000003430100000006010000000100
sceneTreePerspectives: 000000ff0000000100000002000000c0000000fc0100000006010000000200
maximizedDockId: -1
centralWidgetVisible: 1
orthographicViewHeight: 1
textFiles: -1
consoles: Console:All:All
renderingDevicePerspectives: kxrl4c:camera_camera0_camera;1;1;0.0583851;0.262195
renderingDevicePerspectives: kxrl4c:camera_camera1_camera;1;1;0.56646;0
